     0/399     3.41G    0.1147   0.04791         0    0.1626        57       640   0.01791      0.08  0.003478 0.0005981    0.1014   0.02661         0
     1/399     5.88G     0.114   0.05083         0    0.1648        77       640  0.006121      0.12  0.002603 0.0005778   0.09784   0.02621         0
     2/399     5.88G    0.1143   0.05491         0    0.1692        83       640   0.01202      0.04  0.002275 0.0007302   0.09488   0.02579         0
     3/399     5.88G    0.1097   0.05671         0    0.1664       104       640  0.005937      0.12  0.001444 0.0004169   0.09217   0.02559         0
     4/399     5.88G    0.1077   0.05154         0    0.1592        68       640   0.01902      0.04  0.001464 0.0005708   0.09035   0.02517         0
     5/399     5.88G    0.1065   0.05349         0      0.16        67       640   0.01457      0.04  0.002591 0.0006193   0.09043   0.02433         0
     6/399     5.88G     0.104   0.04705         0     0.151        54       640   0.03887      0.04   0.00675  0.001698   0.09143   0.02363         0
     7/399     5.88G    0.1045   0.06094         0    0.1654       101       640   0.02533      0.08  0.004361  0.001261   0.09336   0.02306         0
     8/399     5.88G    0.1012   0.05844         0    0.1596        65       640   0.01441      0.08  0.002456 0.0005974   0.09442   0.02262         0
     9/399     5.88G    0.1028   0.05025         0     0.153        67       640  0.005325      0.16  0.001308 0.0003201   0.09491   0.02231         0
    10/399     5.88G   0.09926    0.0634         0    0.1627        91       640  0.006171      0.12  0.001545 0.0002797   0.09482   0.02206         0
    11/399     5.88G    0.1015   0.05987         0    0.1614        59       640   0.01144      0.08  0.001648 0.0003431   0.09477   0.02176         0
    12/399     5.88G    0.1018   0.05607         0    0.1578        45       640   0.01875    0.0757  0.002557 0.0005329   0.09557   0.02142         0
    13/399     5.88G   0.09979   0.06093         0    0.1607       101       640   0.02073      0.08  0.002519 0.0005181   0.09468   0.02126         0
    14/399     5.88G    0.1007   0.06278         0    0.1635        81       640    0.0146      0.08  0.002211 0.0004646   0.09531   0.02114         0
    15/399     5.88G   0.09802   0.05454         0    0.1526        54       640   0.01667      0.08  0.002292 0.0005229   0.09552   0.02092         0
    16/399     5.88G   0.09541   0.05524         0    0.1506        65       640   0.01023      0.04  0.002163 0.0004206   0.09469   0.02099         0
    17/399     5.88G   0.09493   0.06599         0    0.1609        71       640    0.0208      0.08  0.003033 0.0003888   0.09456   0.02119         0
    18/399     5.88G   0.09542   0.05643         0    0.1518        76       640   0.03166      0.04  0.005201 0.0009337   0.09352   0.02149         0
    19/399     5.88G   0.09571    0.0659         0    0.1616        91       640   0.01156      0.16  0.003489  0.000555   0.09312   0.02161         0
    20/399     5.88G   0.08979   0.05374         0    0.1435        43       640  0.005779      0.12  0.001399 0.0003404   0.09331   0.02128         0
    21/399     5.88G   0.09107   0.06215         0    0.1532        54       640   0.05646      0.04  0.006146 0.0008653   0.09396   0.02136         0
    22/399     5.88G   0.09189    0.0552         0    0.1471        72       640   0.01152       0.2  0.004206 0.0009694   0.09215   0.02156         0
    23/399     5.88G   0.09152   0.05831         0    0.1498        62       640    0.3055      0.04   0.01692  0.001757   0.08997   0.02162         0
    24/399     5.88G   0.08821   0.06226         0    0.1505        69       640   0.07973      0.08   0.02079  0.002728   0.08881   0.02103         0
    25/399     5.88G   0.08845   0.06428         0    0.1527        59       640    0.3803      0.08   0.04021  0.004227   0.08818   0.02111         0
    26/399     5.88G   0.08849   0.06519         0    0.1537        90       640   0.08976      0.12   0.05532   0.01772   0.08785   0.02166         0
    27/399     5.88G     0.088   0.07331         0    0.1613        75       640    0.0633       0.2   0.05932   0.02515   0.08568   0.02206         0
    28/399     5.88G   0.08765    0.0629         0    0.1505        57       640   0.08657      0.16   0.04276  0.005121   0.08328   0.02209         0
    29/399     5.88G   0.08628   0.06376         0      0.15        83       640   0.03515      0.44    0.0249  0.004876   0.07965   0.02208         0
    30/399     5.88G   0.08511   0.06564         0    0.1507        44       640   0.05583       0.2   0.02912  0.004344   0.07704   0.02227         0
    31/399     5.88G   0.08581   0.05806         0    0.1439        45       640   0.05189      0.32   0.02862  0.004961   0.07617   0.02241         0
    32/399     5.88G    0.0827    0.0708         0    0.1535        91       640    0.0516      0.24   0.03017  0.005278   0.07634   0.02206         0
    33/399     5.88G   0.08476   0.07058         0    0.1553       113       640   0.05797       0.2   0.03546  0.004922   0.07556   0.02222         0
    34/399     5.88G    0.0847   0.06367         0    0.1484        47       640   0.08249      0.08   0.03607   0.01019   0.07514   0.02209         0
    35/399     5.88G   0.08247   0.07431         0    0.1568        89       640    0.1047      0.16   0.04065  0.005634    0.0726   0.02294         0
    36/399     5.88G   0.08091   0.05444         0    0.1353        44       640    0.1144      0.12   0.03081  0.005353   0.07159   0.02325         0
    37/399     5.88G   0.08094   0.07114         0    0.1521        86       640    0.0855      0.12   0.03368  0.006158   0.07544    0.0225         0
    38/399     5.88G   0.08116   0.07485         0     0.156       129       640   0.03222       0.6   0.02519  0.004272    0.0766   0.02286         0
    39/399     5.88G   0.08196    0.0609         0    0.1429        49       640     0.198      0.04   0.02228  0.003107   0.07534   0.02332         0
    40/399     5.88G   0.08046   0.06325         0    0.1437        68       640    0.1977      0.04   0.02398  0.003618   0.07506   0.02292         0
    41/399     5.88G   0.08069   0.07036         0    0.1511       108       640    0.1413      0.08   0.02871  0.004861   0.07739   0.02256         0
    42/399     5.88G   0.07689   0.05946         0    0.1363        58       640   0.04637      0.32   0.02514  0.006221   0.07952   0.02166         0
    43/399     5.88G   0.07654   0.06979         0    0.1463        77       640    0.3308       0.2    0.1008   0.01289   0.07785   0.01996         0
    44/399     5.88G   0.07761   0.06391         0    0.1415        63       640    0.1798      0.16   0.06583  0.009398   0.07676   0.02027         0
    45/399     5.88G   0.07846   0.07462         0    0.1531        70       640   0.06403      0.08   0.02135  0.002913    0.0749   0.02221         0
    46/399     5.88G   0.07548   0.06596         0    0.1414        62       640    0.1397      0.16   0.06754   0.01228    0.0776   0.02178         0
    47/399     5.88G   0.07949   0.07141         0    0.1509        67       640    0.1448      0.28   0.08349   0.01061   0.07946   0.02116         0
    48/399     5.88G   0.07624   0.05659         0    0.1328        53       640    0.2478       0.2   0.09157   0.01906   0.07468   0.02112         0
    49/399     5.88G   0.07605   0.06097         0     0.137        50       640    0.1041    0.2789   0.09843   0.03021   0.07218   0.02254         0
    50/399     5.88G    0.0743   0.06539         0    0.1397        77       640    0.4922      0.08   0.07963   0.01266   0.07191   0.02276         0
    51/399     5.88G   0.07458   0.06479         0    0.1394        79       640    0.5985    0.1194    0.1519   0.05629   0.07095   0.02198         0
    52/399     5.88G   0.07124   0.06085         0    0.1321        67       640    0.1535      0.16    0.0906   0.02397   0.07352   0.01953         0
    53/399     5.88G   0.07522   0.06681         0     0.142        87       640   0.07939      0.28   0.07661   0.03966    0.0704   0.02234         0
    54/399     5.88G   0.07296    0.0653         0    0.1383       105       640    0.3831       0.2    0.1298   0.04377    0.0754    0.0215         0
    55/399     5.88G   0.07148   0.06663         0    0.1381        79       640   0.09958      0.08   0.02548  0.006451   0.07173   0.02407         0
    56/399     5.88G   0.07233   0.06179         0    0.1341        72       640    0.1301      0.24   0.09354   0.02542   0.06853   0.02287         0
    57/399     5.88G   0.07149   0.06607         0    0.1376       100       640    0.1494      0.12   0.07866   0.03687   0.07216   0.02094         0
    58/399     5.88G   0.07103    0.0609         0    0.1319        67       640    0.1491      0.24    0.1206   0.03898   0.07312   0.02196         0
    59/399     5.88G   0.06925   0.06318         0    0.1324        80       640    0.2171      0.28    0.1231   0.03011    0.0714   0.02139         0
    60/399     5.88G   0.06928   0.07287         0    0.1421       124       640    0.1956      0.16   0.08388    0.0274   0.08237   0.01945         0
    61/399     5.88G   0.06637   0.05299         0    0.1194        54       640    0.2391    0.2389    0.1736   0.06534   0.06985   0.01877         0
    62/399     5.88G   0.06777   0.06443         0    0.1322       103       640    0.2568      0.36    0.1629   0.06427   0.06798   0.01959         0
    63/399     5.88G   0.06625   0.05797         0    0.1242        58       640    0.1265       0.4    0.1001   0.03378     0.064   0.01859         0
    64/399     5.88G   0.06661   0.06153         0    0.1281        91       640    0.1811       0.2    0.1117   0.02314   0.06645   0.01887         0
    65/399     5.88G   0.06779   0.07357         0    0.1414       114       640   0.08325       0.2    0.0453  0.009563   0.07438   0.01949         0
    66/399     5.88G   0.06498   0.05536         0    0.1203        68       640    0.2282      0.24    0.1543   0.03364   0.06467   0.01928         0
    67/399     5.88G   0.06261   0.05484         0    0.1175        55       640     0.275      0.32    0.2095   0.06617   0.06241   0.01814         0
    68/399     5.88G   0.06391   0.05964         0    0.1236        58       640    0.2275      0.36    0.1802   0.05999   0.06502   0.01829         0
    69/399     5.88G   0.06233   0.05911         0    0.1214        71       640     0.255    0.3972    0.1489   0.06932   0.07257   0.01887         0
    70/399     5.88G   0.06399    0.0538         0    0.1178        33       640    0.2616       0.2    0.1285   0.07478   0.07227   0.01781         0
    71/399     5.88G   0.06652   0.05739         0    0.1239        75       640    0.2397      0.24    0.1609    0.0725   0.06901   0.01719         0
    72/399     5.88G    0.0655   0.06846         0     0.134       109       640   0.08424       0.2   0.04423  0.009503   0.08055   0.02073         0
    73/399     5.88G   0.06306   0.05738         0    0.1204        66       640    0.3051      0.48     0.304   0.09038   0.06454   0.01724         0
    74/399     5.88G   0.06267   0.06061         0    0.1233        99       640    0.3982       0.4    0.3059   0.08564   0.06699   0.01673         0
    75/399     5.88G   0.06434   0.06036         0    0.1247        63       640     0.322      0.44    0.2224   0.07808   0.07169   0.01688         0
    76/399     5.88G   0.05936   0.05285         0    0.1122        67       640    0.3848    0.3506    0.3197    0.1274   0.06347    0.0182         0
    77/399     5.88G   0.06411    0.0663         0    0.1304        93       640    0.1186      0.44   0.09998    0.0382    0.0718   0.01747         0
    78/399     5.88G   0.06127   0.05974         0     0.121        89       640    0.4614    0.4798    0.3577    0.1127   0.05886   0.01636         0
    79/399     5.88G   0.06024   0.05921         0    0.1195        78       640    0.4429      0.48    0.3424    0.1118    0.0574   0.01679         0
    80/399     5.88G   0.06225    0.0582         0    0.1204        69       640    0.7055       0.4    0.4363    0.1681   0.06009   0.01652         0
    81/399     5.88G    0.0623   0.06238         0    0.1247       111       640    0.4154       0.4    0.2637   0.09408   0.06407   0.01784         0
    82/399     5.88G   0.06086   0.05155         0    0.1124        70       640    0.2178      0.56    0.1938   0.08465   0.06352   0.01747         0
    83/399     5.88G   0.05891   0.05406         0     0.113        56       640    0.3747      0.36    0.2881    0.1155   0.06428   0.01725         0
    84/399     5.88G   0.05907   0.05749         0    0.1166        88       640    0.3996       0.4    0.3173    0.1263    0.0605   0.01822         0
    85/399     5.88G   0.05853   0.05533         0    0.1139        60       640    0.2617       0.2    0.1924    0.1031   0.07457   0.01593         0
    86/399     5.88G   0.05689   0.05314         0      0.11        67       640    0.5377      0.28    0.2849    0.1091   0.06158    0.0167         0
    87/399     5.88G   0.06042   0.04956         0      0.11        61       640     0.525    0.3539    0.3362    0.1199    0.0616   0.01651         0
    88/399     5.88G   0.05763   0.04802         0    0.1057        47       640    0.3605      0.52    0.2725    0.1045    0.0627   0.01673         0
    89/399     5.88G   0.05931   0.04927         0    0.1086        70       640    0.4365      0.56    0.4402    0.1976   0.05566   0.01778         0
    90/399     5.88G   0.06083   0.05584         0    0.1167        57       640    0.7261      0.32    0.3873    0.1429    0.0607   0.01763         0
    91/399     5.88G    0.0599   0.05244         0    0.1123        48       640    0.6838      0.52    0.4809    0.1743   0.05932   0.01606         0
    92/399     5.88G   0.05761   0.04941         0     0.107        56       640    0.5996      0.48    0.4203    0.1553   0.06091   0.01699         0
    93/399     5.88G   0.05725   0.05699         0    0.1142        80       640    0.5206      0.44    0.3003    0.1053   0.06838   0.01782         0
    94/399     5.88G   0.05666   0.05507         0    0.1117        90       640    0.4811    0.5192    0.4509    0.1159   0.06074   0.01643         0
    95/399     5.88G   0.05573   0.05563         0    0.1114        65       640    0.3929       0.4    0.2692    0.1174   0.06566   0.01674         0
    96/399     5.88G   0.05636   0.04499         0    0.1013        61       640    0.4284      0.48    0.3132    0.1397   0.05969   0.01639         0
    97/399     5.88G   0.05876   0.05044         0    0.1092        61       640    0.4252      0.48    0.3702    0.1523   0.06282   0.01684         0
    98/399     5.88G    0.0583   0.05663         0    0.1149        94       640    0.6311      0.48    0.5345    0.1496   0.06439   0.01498         0
    99/399     5.88G   0.05356   0.05249         0     0.106        65       640    0.8333    0.3998    0.4755    0.1648   0.06167    0.0155         0
   100/399     5.88G   0.05608   0.05335         0    0.1094        78       640    0.3332    0.3998    0.2598    0.1033   0.06504   0.01754         0
   101/399     5.88G   0.05527   0.04999         0    0.1053        54       640    0.3995      0.48    0.3624    0.1285   0.06265   0.01633         0
   102/399     5.88G   0.05373   0.04559         0   0.09932        56       640    0.6348      0.56    0.5255    0.2343   0.05433   0.01545         0
   103/399     5.88G   0.05708    0.0555         0    0.1126        65       640    0.4235      0.56    0.3981    0.1556   0.06075   0.01571         0
   104/399     5.88G    0.0537   0.04583         0   0.09953        84       640    0.4985      0.56    0.5337    0.2482   0.05336   0.01617         0
   105/399     5.88G    0.0515   0.04393         0   0.09543        59       640     0.635      0.56     0.532    0.2238   0.05791   0.01539         0
   106/399     5.88G   0.05657   0.05524         0    0.1118        92       640    0.5374    0.5576    0.4163    0.1484   0.05848   0.01566         0
   107/399     5.88G   0.05161   0.04856         0    0.1002        49       640    0.5415      0.52    0.3707    0.1563   0.05446   0.01526         0
   108/399     5.88G   0.05627   0.06683         0    0.1231       143       640    0.5382    0.2798    0.3085    0.1176    0.0552   0.01785         0
   109/399     5.88G   0.04979    0.0485         0   0.09829        70       640    0.7996      0.48    0.5576    0.2255   0.05309   0.01558         0
   110/399     5.88G   0.05088   0.04719         0   0.09807        59       640    0.4515    0.5598    0.4263    0.1754   0.05506   0.01664         0
   111/399     5.88G   0.05805   0.05847         0    0.1165       120       640     0.541    0.5187    0.4098    0.1613   0.06192   0.01637         0
   112/399     5.88G    0.0539   0.05273         0    0.1066        84       640    0.3513      0.24    0.1804    0.1039   0.06398   0.01718         0
   113/399     5.88G   0.05595    0.0459         0    0.1018        93       640    0.5709      0.48    0.4107    0.1725   0.05905   0.01703         0
   114/399     5.88G   0.05232   0.05572         0     0.108       101       640    0.4998      0.56    0.4522    0.1415   0.05751   0.01647         0
   115/399     5.88G    0.0546    0.0592         0    0.1138       118       640    0.4837    0.5996    0.4401    0.1871   0.05015   0.01617         0
   116/399     5.88G    0.0543   0.06065         0     0.115       132       640    0.7057      0.48    0.4582    0.1842   0.05227   0.01612         0
   117/399     5.88G   0.04908   0.04561         0   0.09469        57       640    0.5357       0.6     0.548    0.2607   0.05539    0.0163         0
   118/399     5.88G   0.04963   0.04652         0   0.09616        58       640    0.5413      0.52    0.4483    0.1666   0.05562   0.01655         0
   119/399     5.88G   0.05637   0.06745         0    0.1238       151       640    0.3999      0.48    0.3818    0.1621   0.05589   0.01696         0
   120/399     5.88G   0.05296   0.04851         0    0.1015        62       640    0.4805      0.52    0.3787    0.1656   0.05516   0.01658         0
   121/399     5.88G   0.04976   0.04851         0   0.09827        54       640    0.6811       0.6    0.5892    0.2535   0.05153   0.01587         0
   122/399     5.88G   0.04685   0.05411         0     0.101        87       640    0.7646      0.52    0.5598    0.2248   0.05127   0.01541         0
   123/399     5.88G   0.04982   0.04427         0   0.09408        51       640     0.733      0.44    0.5519    0.2063   0.05151   0.01476         0
   124/399     5.88G   0.04784   0.04875         0   0.09659        76       640    0.7499    0.3599    0.4817    0.1512   0.05344   0.01496         0
   125/399     5.88G   0.05895   0.04608         0     0.105        71       640    0.4322      0.64    0.3995    0.1593   0.06149   0.01372         0
   126/399     5.88G   0.07309   0.05135         0    0.1244       113       640    0.6663      0.56    0.5074    0.1938   0.06069    0.0146         0
   127/399     5.88G   0.05849   0.04914         0    0.1076        70       640    0.5376    0.5582    0.4683    0.1683   0.05584   0.01486         0
   128/399     5.88G   0.05402   0.04292         0   0.09694        45       640    0.5273      0.36    0.3708    0.1114   0.05607   0.01572         0
   129/399     5.88G    0.0523   0.04558         0   0.09788        83       640    0.3816      0.52    0.3464    0.1098    0.0575   0.01644         0
   130/399     5.88G   0.05516   0.04938         0    0.1045        88       640     0.317    0.5198    0.3395    0.1172   0.06655   0.01651         0
   131/399     5.88G   0.05784   0.04902         0    0.1069        87       640    0.4515      0.56    0.3931    0.1137   0.06872   0.01666         0
   132/399     5.88G    0.0555   0.04824         0    0.1037        83       640    0.3997    0.5594    0.4452    0.1627    0.0551   0.01674         0
   133/399     5.88G   0.05528   0.04556         0    0.1008        61       640    0.3548    0.4399    0.3685     0.126   0.05578   0.01647         0
   134/399     5.88G   0.04944   0.03984         0   0.08929        66       640    0.6518       0.6    0.5516    0.2047   0.05757   0.01535         0
   135/399     5.88G   0.04999   0.04538         0   0.09537        66       640    0.6085      0.56    0.5405    0.2083   0.05282   0.01605         0
   136/399     5.88G   0.05102   0.05102         0     0.102        64       640    0.3903       0.6    0.3561    0.1311   0.05364   0.01622         0
   137/399     5.88G     0.055   0.04913         0    0.1041        92       640    0.5371      0.56    0.4206    0.1921   0.06167   0.01566         0
   138/399     5.88G   0.05248   0.05241         0    0.1049       121       640    0.6311      0.48    0.4756    0.1269   0.05465    0.0149         0
   139/399     5.88G   0.05297   0.05611         0    0.1091        94       640    0.5229      0.44    0.3781    0.1749   0.06414   0.01597         0
   140/399     5.88G   0.05186   0.05154         0    0.1034        99       640    0.3951    0.6793    0.4142    0.1574   0.05892   0.01461         0
   141/399     5.88G   0.05054   0.04665         0   0.09719        56       640    0.5476      0.68     0.541    0.2366   0.05462    0.0146         0
   142/399     5.88G   0.04939   0.05106         0    0.1005        86       640     0.624    0.5975    0.5689    0.2496   0.05584    0.0146         0
   143/399     5.88G   0.05007   0.04921         0   0.09929        77       640    0.7827      0.44    0.5506    0.1868   0.05513   0.01565         0
   144/399     5.88G   0.05155    0.0569         0    0.1085       125       640    0.5593      0.56    0.4885    0.1973     0.054   0.01693         0
   145/399     5.88G   0.04991   0.04481         0   0.09472        63       640    0.6353      0.56    0.5256    0.2494   0.05288   0.01605         0
   146/399     5.88G   0.05443   0.04941         0    0.1038        77       640    0.6185      0.52    0.5469    0.2071   0.05545   0.01667         0
   147/399     5.88G    0.0515   0.04951         0     0.101        71       640    0.3024      0.68    0.3857    0.1827   0.05838   0.01624         0
   148/399     5.88G   0.05197   0.05209         0    0.1041        86       640    0.7496      0.36    0.4624    0.1934   0.05236    0.0167         0
   149/399     5.88G   0.04665   0.04937         0   0.09602        87       640    0.5359      0.56    0.4304     0.175   0.05623   0.01646         0
   150/399     5.88G   0.05036   0.05433         0    0.1047        63       640    0.4994      0.48     0.386    0.1173   0.06107   0.02025         0
   151/399     5.88G   0.04841    0.0488         0   0.09721        90       640    0.6238       0.6    0.5388    0.2171   0.05457   0.01567         0
   152/399     5.88G   0.04804    0.0508         0   0.09885        65       640    0.6142      0.64    0.5637    0.2088   0.05167   0.01633         0
   153/399     5.88G   0.04557   0.04802         0   0.09359        79       640    0.4547      0.56    0.4721    0.1527   0.05581   0.01779         0
   154/399     5.88G   0.05039   0.05825         0    0.1086       160       640    0.5881    0.3998    0.4245    0.1635   0.05701   0.01681         0
   155/399     5.88G   0.05223   0.04026         0   0.09249        50       640    0.7215      0.52    0.5487    0.2401   0.05733   0.01598         0
   156/399     5.88G   0.04718   0.04496         0   0.09214        51       640    0.6109      0.44    0.4382     0.178   0.05795   0.01707         0
   157/399     5.88G   0.04797   0.04151         0   0.08948        61       640    0.5859       0.4    0.3995    0.1927   0.05901   0.01703         0
   158/399     5.88G   0.04683   0.04529         0   0.09212        76       640    0.6085    0.5596    0.4743    0.2152   0.05768    0.0161         0
   159/399     5.88G    0.0458   0.04429         0   0.09009        61       640    0.6871      0.44    0.4675     0.199   0.05547   0.01675         0
   160/399     5.88G   0.04694   0.04561         0   0.09255        42       640    0.5245    0.3972    0.4214    0.1996   0.05373   0.01802         0
   161/399     5.88G   0.04478   0.04066         0   0.08544        86       640    0.7496      0.48    0.5006    0.2335   0.05687   0.01631         0
   162/399     5.88G   0.04384   0.03615         0      0.08        61       640    0.5712      0.48    0.4707    0.2025   0.05193   0.01606         0
   163/399     5.88G   0.04258   0.03525         0   0.07784        51       640     0.565      0.52    0.4302    0.2124   0.05307   0.01622         0
   164/399     5.88G   0.04383   0.04537         0   0.08921        90       640     0.461      0.48    0.4013    0.1561   0.05209   0.01661         0
   165/399     5.88G   0.04493   0.05284         0   0.09777        96       640    0.5377      0.56    0.4794    0.1835   0.05226   0.01674         0
   166/399     5.88G   0.04292   0.04038         0    0.0833        64       640    0.5141       0.6    0.4906    0.1973   0.05237   0.01665         0
   167/399     5.88G   0.03989    0.0376         0   0.07749        52       640    0.5881       0.4    0.3997    0.1873   0.05271   0.01651         0
   168/399     5.88G   0.04815   0.03998         0   0.08813        63       640    0.4637      0.52    0.4309    0.1397    0.0558   0.01724         0
   169/399     5.88G   0.04942   0.04384         0   0.09326        69       640    0.6108      0.44    0.4216    0.1764   0.05322   0.01615         0
   170/399     5.88G   0.04443   0.04266         0   0.08708        80       640    0.4178      0.52    0.3773    0.1612    0.0503    0.0168         0
   171/399     5.88G    0.0439   0.04672         0   0.09062        69       640    0.4482      0.52    0.4415     0.137   0.05461   0.01698         0
   172/399     5.88G   0.04461   0.04428         0    0.0889        79       640    0.5178      0.56    0.4862    0.2043   0.05004   0.01611         0
   173/399     5.88G   0.04187    0.0452         0   0.08707        78       640    0.6873    0.4397    0.4698    0.1887   0.05396   0.01567         0
   174/399     5.88G   0.04084   0.04205         0   0.08289        67       640    0.7497      0.48    0.5614    0.1785   0.05362   0.01573         0
   175/399     5.88G   0.04612   0.03868         0    0.0848        77       640    0.6184      0.52    0.5314    0.2082   0.05389   0.01514         0
   176/399     5.88G   0.04366   0.03681         0   0.08047        51       640    0.7219      0.52    0.5687    0.2249   0.05107   0.01509         0
   177/399     5.88G   0.03971   0.03933         0   0.07904        74       640    0.6999    0.5598    0.5382    0.2673   0.05022   0.01502         0
   178/399     5.88G   0.04345   0.04032         0   0.08378        52       640    0.6806       0.6    0.5436     0.239   0.05236   0.01523         0
   179/399     5.88G   0.04467   0.04182         0   0.08649        91       640    0.8823    0.5996     0.616     0.206   0.05367   0.01572         0
   180/399     5.88G   0.04221    0.0422         0   0.08441        87       640     0.714    0.5992     0.552    0.2305   0.05341   0.01683         0
   181/399     5.88G   0.04296   0.03989         0   0.08285        73       640      0.75    0.5999    0.5527    0.2448   0.05097   0.01536         0
   182/399     5.88G   0.04081   0.03852         0   0.07933        36       640    0.7702      0.56    0.5316    0.2088   0.05148   0.01623         0
   183/399     5.88G    0.0429   0.04067         0   0.08357        63       640    0.7498      0.48    0.4673    0.2468   0.05272   0.01491         0
   184/399     5.88G   0.04286   0.04127         0   0.08413        55       640    0.7642    0.5187     0.535    0.2088   0.05203    0.0156         0
   185/399     5.88G   0.04127   0.04723         0    0.0885        64       640     0.583      0.56    0.4875    0.1927   0.04858   0.01581         0
   186/399     5.88G   0.04311   0.04626         0   0.08937        91       640    0.7217      0.52    0.5531    0.1931   0.05298   0.01555         0
   187/399     5.88G   0.04201   0.04649         0    0.0885       108       640    0.9285    0.5198    0.5799    0.2601   0.05469   0.01597         0
   188/399     5.88G   0.04183    0.0434         0   0.08524        76       640    0.7138       0.6    0.5854    0.2427   0.04882   0.01563         0
   189/399     5.88G   0.04301   0.04232         0   0.08533        88       640     0.569      0.64    0.5546    0.2466   0.04795    0.0164         0
   190/399     5.88G   0.04407   0.04589         0   0.08997       107       640    0.7215      0.52    0.5814    0.2087   0.04927   0.01628         0
   191/399     5.88G   0.04298   0.04174         0   0.08472        61       640     0.687      0.44    0.4838    0.1939    0.0516   0.01705         0
   192/399     5.88G   0.04166   0.03883         0   0.08049        70       640    0.6991      0.56    0.5972    0.2177   0.05077   0.01617         0
   193/399     5.88G   0.04478   0.04745         0   0.09222        87       640    0.5985       0.6     0.555    0.1876   0.05279   0.01743         0
   194/399     5.88G   0.04128   0.04536         0   0.08664        83       640    0.5658      0.68    0.6154    0.2246    0.0497   0.01586         0
   195/399     5.88G   0.04166   0.04041         0   0.08207        71       640    0.6144      0.64    0.6076     0.228   0.05099   0.01594         0
   196/399     5.88G   0.04089   0.03997         0   0.08086       111       640    0.7618    0.6396    0.6608       0.2   0.05102   0.01607         0
   197/399     5.88G   0.04218   0.05461         0   0.09679       147       640    0.6663    0.6391    0.5529    0.1927   0.05191   0.01556         0
   198/399     5.88G   0.03909    0.0402         0   0.07929        88       640     0.681       0.6    0.6181    0.1967   0.05155   0.01553         0
   199/399     5.88G   0.03825   0.04315         0    0.0814       121       640     0.675      0.68    0.6374    0.2268   0.05159   0.01525         0
   200/399     5.88G   0.04564   0.04326         0    0.0889        60       640    0.8124      0.52    0.6078    0.2451   0.05204   0.01549         0
   201/399     5.88G   0.05222   0.04288         0    0.0951        81       640    0.6865     0.438    0.4955    0.2136   0.06763   0.01574         0
   202/399     5.88G   0.04244   0.04291         0   0.08535        59       640    0.4994       0.6    0.4446    0.1997   0.06487   0.01679         0
   203/399     5.88G   0.04071   0.03854         0   0.07925        67       640    0.8458      0.44    0.5427    0.2637   0.05075   0.01584         0
   204/399     5.88G   0.04062   0.04103         0   0.08166        75       640     0.555       0.6    0.5382    0.2704   0.04995   0.01611         0
   205/399     5.88G   0.04035   0.04037         0   0.08073        70       640    0.7058    0.4798    0.5084    0.2445   0.05166   0.01614         0
   206/399     5.88G   0.03906   0.04277         0   0.08183        85       640    0.6307      0.48    0.5088    0.2069   0.04971    0.0164         0
   207/399     5.88G   0.03703   0.03713         0   0.07417        77       640    0.6995    0.5587    0.5803    0.2461   0.05012   0.01574         0
   208/399     5.88G   0.03689   0.03533         0   0.07222        58       640    0.7143    0.5999    0.5908    0.2662   0.05122    0.0158         0
   209/399     5.88G   0.03996   0.04383         0   0.08379        83       640    0.5926      0.76    0.6297    0.2309   0.05194   0.01608         0
   210/399     5.88G   0.03834   0.03895         0   0.07728        58       640    0.7999      0.48    0.6005    0.2494   0.04797   0.01666         0
   211/399     5.88G   0.04003   0.03948         0   0.07951        61       640     0.727    0.6391    0.6386     0.241   0.04951    0.0163         0
   212/399     5.88G   0.03946   0.04254         0     0.082        62       640    0.7363    0.5585    0.5769    0.2705   0.04894   0.01701         0
   213/399     5.88G   0.04018   0.03988         0   0.08006        73       640    0.6664      0.64     0.625    0.2778    0.0497   0.01669         0
   214/399     5.88G   0.03816   0.04229         0   0.08046        79       640    0.7777    0.5598    0.6017      0.27   0.04787    0.0168         0
   215/399     5.88G   0.03735   0.03404         0   0.07139        45       640    0.8749      0.56    0.6426    0.3039   0.04839   0.01629         0
   216/399     5.88G   0.03517   0.04046         0   0.07563       111       640    0.8666      0.52    0.6214    0.2738   0.04815    0.0163         0
   217/399     5.88G    0.0353   0.03854         0   0.07384        98       640    0.8234    0.5596    0.5926    0.2821   0.04836   0.01637         0
   218/399     5.88G   0.03939   0.04186         0   0.08126       110       640    0.8331       0.6     0.641    0.2752   0.05049   0.01662         0
   219/399     5.88G   0.04188   0.03776         0   0.07964        68       640    0.7496       0.6    0.6211    0.2749   0.04495   0.01641         0
   220/399     5.88G     0.036   0.03959         0   0.07559        64       640    0.7498      0.72    0.6915    0.2943   0.04684   0.01658         0
   221/399     5.88G   0.03612   0.03601         0   0.07212        88       640    0.8411      0.64    0.6789    0.2727   0.05004   0.01658         0
   222/399     5.88G   0.03835   0.04217         0   0.08053        64       640     0.629      0.68    0.6378    0.2827   0.04861   0.01696         0
   223/399     5.88G   0.03934   0.03576         0    0.0751        53       640    0.7877       0.6    0.6216    0.2564    0.0485   0.01677         0
   224/399     5.88G   0.03699   0.04114         0   0.07813        89       640    0.6296      0.68    0.6038    0.2648   0.04746   0.01707         0
   225/399     5.88G   0.03534   0.03469         0   0.07003        60       640    0.5861      0.68     0.582    0.2668   0.04832   0.01773         0
   226/399     5.88G   0.03454   0.03576         0   0.07031        58       640     0.714       0.6    0.6044    0.2887   0.04644    0.0182         0
   227/399     5.88G   0.03484   0.03996         0   0.07479        86       640    0.5133    0.7595    0.6102    0.2828   0.04585   0.01767         0
   228/399     5.88G   0.03639   0.03926         0   0.07565        85       640    0.7362    0.5584    0.6146    0.2903   0.04688   0.01752         0
   229/399     5.88G   0.03793   0.03558         0   0.07351        91       640    0.6659      0.64    0.6152    0.2532   0.04514   0.01696         0
   230/399     5.88G    0.0377   0.04512         0   0.08281       105       640    0.7212      0.52     0.592    0.2836   0.04739   0.01646         0
   231/399     5.88G   0.03632   0.04016         0   0.07648        58       640    0.6998    0.5594    0.5827    0.2913   0.05021   0.01633         0
   232/399     5.88G   0.03621   0.03388         0   0.07009        45       640    0.7195      0.52    0.5355      0.26   0.05421   0.01617         0
   233/399     5.88G   0.03561   0.03206         0   0.06766        48       640    0.6954      0.64     0.589     0.295   0.05177   0.01605         0
   234/399     5.88G   0.03231   0.03652         0   0.06882        88       640    0.6997    0.5592    0.4984    0.2512   0.05183   0.01672         0
   235/399     5.88G   0.03615   0.04882         0   0.08497       137       640    0.7212      0.52    0.5118    0.2554   0.05195   0.01662         0
   236/399     5.88G   0.03479   0.03315         0   0.06795        69       640    0.6666    0.4798    0.4783    0.2179   0.05519   0.01631         0
   237/399     5.88G   0.03357   0.03496         0   0.06853        51       640    0.6648      0.48    0.4948    0.2514   0.05216   0.01603         0
   238/399     5.88G   0.03345   0.03031         0   0.06375        77       640    0.7217      0.52     0.549    0.2934   0.05138   0.01601         0
   239/399     5.88G   0.03411     0.037         0   0.07111        76       640    0.7499    0.4799     0.507    0.2929   0.05023   0.01629         0
   240/399     5.88G    0.0356   0.03774         0   0.07334        84       640    0.8117      0.52    0.5445    0.2383   0.05133   0.01724         0
   241/399     5.88G   0.03619   0.03623         0   0.07242        77       640    0.7367    0.5596    0.5536    0.2823   0.04986   0.01717         0
   242/399     5.88G   0.03328   0.03677         0   0.07005        67       640    0.7367    0.5596     0.573    0.2561    0.0513   0.01754         0
   243/399     5.88G   0.03593   0.03968         0    0.0756        88       640    0.7647      0.52    0.5127    0.2368   0.05313   0.01805         0
   244/399     5.88G   0.03718   0.03992         0    0.0771        94       640     0.666      0.56     0.554    0.2575   0.05116   0.01727         0
   245/399     5.88G   0.03315   0.03769         0   0.07085        76       640    0.6867      0.44    0.4846    0.2464   0.05251    0.0176         0
   246/399     5.88G   0.03333   0.03835         0   0.07169        71       640    0.7993      0.48    0.5155    0.2541   0.05286   0.01736         0
   247/399     5.88G   0.03397   0.03516         0   0.06913        54       640    0.6653      0.48    0.4907    0.2608    0.0539   0.01726         0
   248/399     5.88G   0.03096   0.03415         0    0.0651        56       640    0.8124    0.5197     0.564    0.2934   0.05294    0.0168         0
   249/399     5.88G    0.0327   0.03831         0   0.07102        58       640    0.7497      0.48    0.5444    0.2913   0.05276    0.0166         0
   250/399     5.88G   0.03142    0.0366         0   0.06802        68       640    0.7646    0.5198    0.5501    0.3014   0.05173   0.01589         0
   251/399     5.88G   0.03207   0.03317         0   0.06523        74       640    0.6999      0.56    0.5922    0.2966   0.05118   0.01626         0
   252/399     5.88G   0.03589   0.03569         0   0.07158        55       640    0.7641      0.52    0.5845    0.3237   0.04888   0.01662         0
   253/399     5.88G   0.03565   0.03575         0    0.0714        36       640     0.653      0.68    0.6125    0.3298   0.04972   0.01687         0
   254/399     5.88G   0.03267   0.02688         0   0.05954        35       640     0.714       0.6    0.6154    0.3266   0.04946   0.01655         0
   255/399     5.88G   0.03209   0.04048         0   0.07257        99       640    0.7364    0.5588    0.5302    0.2954   0.05126   0.01687         0
   256/399     5.88G   0.03145   0.03016         0   0.06161        48       640    0.7647    0.5199    0.5358    0.2922   0.05041   0.01702         0
   257/399     5.88G   0.03156   0.03546         0   0.06702        70       640    0.7894       0.6    0.5877    0.3088    0.0518   0.01668         0
   258/399     5.88G   0.03129   0.04205         0   0.07334       102       640    0.8324       0.6    0.5818    0.2839    0.0496   0.01685         0
   259/399     5.88G   0.03076   0.03654         0    0.0673        67       640    0.7142    0.5997    0.5714    0.2578   0.05142   0.01674         0
   260/399     5.88G   0.03203   0.03312         0   0.06515        74       640    0.6956    0.6398    0.5874    0.2505    0.0511   0.01698         0
   261/399     5.88G   0.03112   0.03698         0    0.0681        95       640    0.6126      0.76    0.6348    0.2579   0.05097   0.01658         0
   262/399     5.88G   0.03102   0.03108         0   0.06209        66       640    0.8233      0.56    0.6411    0.2848   0.04993   0.01653         0
   263/399     5.88G   0.02918   0.03026         0   0.05944        62       640    0.9333    0.5599    0.6619     0.281   0.05093   0.01616         0
   264/399     5.88G   0.02942   0.03407         0    0.0635        71       640     0.842      0.64    0.6515     0.299   0.05096   0.01629         0
   265/399     5.88G   0.03059    0.0362         0    0.0668       117       640    0.7614      0.64    0.5988    0.2954   0.05299   0.01669         0
   266/399     5.88G   0.03313   0.03872         0   0.07185        78       640    0.8326       0.6    0.5936    0.2772   0.05303   0.01665         0
   267/399     5.88G   0.03086   0.03706         0   0.06792        86       640    0.6399      0.64    0.5908    0.2728   0.05259   0.01679         0
   268/399     5.88G   0.02981   0.03913         0   0.06895       101       640    0.7775      0.56    0.5785     0.292   0.05153   0.01703         0
   269/399     5.88G   0.02964   0.03521         0   0.06485        71       640    0.9332      0.56    0.6612    0.3117   0.05165   0.01683         0
   270/399     5.88G   0.03078   0.04094         0   0.07172       130       640    0.8234    0.5597    0.5941    0.2798   0.05362   0.01683         0
   271/399     5.88G   0.03136   0.02892         0   0.06028        62       640    0.7887       0.6     0.601    0.3165   0.05388   0.01717         0
   272/399     5.88G   0.03076   0.03417         0   0.06492        73       640     0.875      0.56     0.612    0.2958   0.05198   0.01693         0
   273/399     5.88G   0.02818   0.03559         0   0.06377        73       640    0.6666    0.6397    0.5971    0.2725   0.05181    0.0168         0
   274/399     5.88G   0.03019   0.03314         0   0.06333        75       640    0.7892       0.6    0.5925    0.2667   0.05152   0.01661         0
   275/399     5.88G   0.02912   0.03227         0   0.06139        86       640    0.7142    0.5999    0.5698    0.2784   0.05315   0.01668         0
   276/399     5.88G    0.0296    0.0323         0   0.06191        79       640    0.7778      0.56    0.5443    0.2858   0.05334   0.01655         0
   277/399     5.88G   0.03125   0.03195         0    0.0632        70       640    0.7777    0.5598    0.5553    0.2776   0.05236   0.01659         0
   278/399     5.88G   0.03271   0.04885         0   0.08156       167       640    0.7221      0.52    0.5212    0.2736   0.05145   0.01672         0
   279/399     5.88G   0.03044   0.03732         0   0.06777        90       640     0.739    0.6796    0.6382    0.2907   0.04943   0.01767         0
   280/399     5.88G   0.02987   0.03226         0   0.06214        67       640    0.8745      0.56     0.609    0.2843   0.04949   0.01772         0
   281/399     5.88G   0.02948   0.03256         0   0.06204        57       640     0.652       0.6    0.5107    0.2561   0.04982   0.01822         0
   282/399     5.88G   0.03165   0.03467         0   0.06632        83       640    0.7491       0.6    0.5102    0.2619    0.0487   0.01736         0
   283/399     5.88G   0.02807   0.03105         0   0.05912        50       640    0.7496       0.6     0.548    0.2602   0.04854   0.01744         0
   284/399     5.88G   0.02943   0.03445         0   0.06387        69       640    0.7221    0.5197    0.5557    0.2478   0.04961   0.01756         0
   285/399     5.88G   0.02878   0.03191         0   0.06068        53       640    0.7775      0.56     0.562    0.2533   0.04948   0.01826         0
   286/399     5.88G   0.03007   0.03942         0   0.06949       115       640    0.8749    0.5598    0.6104    0.2529   0.04976   0.01789         0
   287/399     5.88G   0.02757   0.02841         0   0.05598        52       640    0.7778      0.56    0.5818    0.2574   0.04984   0.01831         0
   288/399     5.88G   0.02972   0.02932         0   0.05903        55       640    0.6666    0.6399    0.5883    0.2527   0.05012   0.01827         0
   289/399     5.88G   0.02718   0.02999         0   0.05717        76       640    0.6664    0.6393    0.5761     0.248   0.05076   0.01802         0
   290/399     5.88G   0.02973   0.02906         0   0.05879        53       640     0.625       0.6    0.5521    0.2449   0.05097   0.01771         0
   291/399     5.88G    0.0292      0.03         0    0.0592        67       640    0.5647      0.52    0.4829    0.2563   0.05326   0.01819         0
   292/399     5.88G     0.029   0.03006         0   0.05905        61       640    0.7356    0.5565    0.5618    0.2732   0.05125   0.01753         0
   293/399     5.88G   0.02932   0.02849         0   0.05781        41       640     0.652       0.6    0.5255    0.2791   0.05187   0.01746         0
   294/399     5.88G   0.02842   0.03466         0   0.06308        82       640    0.5999    0.5997    0.4963    0.2312   0.05204   0.01765         0
   295/399     5.88G   0.02827   0.03304         0   0.06132        86       640    0.6085      0.56    0.4508    0.2234   0.05342   0.01781         0
   296/399     5.88G   0.02788   0.02966         0   0.05754        95       640    0.5354    0.5992     0.463    0.2522   0.05286   0.01794         0
   297/399     5.88G   0.02702   0.03482         0   0.06184        78       640    0.6666    0.5598    0.4905      0.28   0.05291   0.01762         0
   298/399     5.88G   0.02942   0.03349         0   0.06291       109       640    0.6363      0.56    0.5047    0.2793   0.05204   0.01723         0
   299/399     5.88G   0.02798   0.03904         0   0.06702       121       640    0.7142    0.5998    0.5579    0.2907   0.05208   0.01681         0
   300/399     5.88G   0.02781   0.03319         0     0.061        78       640     0.722      0.52    0.5322     0.272   0.05133   0.01689         0
   301/399     5.88G    0.0273    0.0314         0    0.0587        74       640    0.7499    0.4797    0.4733    0.2339   0.05185   0.01698         0
   302/399     5.88G   0.02822   0.03119         0   0.05941        81       640    0.7496      0.48    0.4667    0.2501   0.05051   0.01701         0
   303/399     5.88G   0.02633   0.02659         0   0.05292        52       640     0.727      0.64    0.6058    0.2913   0.04914    0.0171         0
   304/399     5.88G   0.02775   0.03266         0   0.06041        79       640    0.8749      0.56    0.6419    0.3083   0.04784   0.01742         0
   305/399     5.88G   0.02956   0.03352         0   0.06308        72       640    0.9328      0.56    0.6149    0.3203   0.04892   0.01794         0
   306/399     5.88G   0.02699   0.03288         0   0.05986       104       640    0.8748      0.56    0.5993    0.3039   0.04854   0.01813         0
   307/399     5.88G   0.02502   0.03561         0   0.06062        86       640    0.7645      0.52    0.5688    0.3027   0.04806   0.01809         0
   308/399     5.88G   0.02738   0.03301         0   0.06039        97       640    0.6248       0.6    0.5919     0.267   0.04788   0.01813         0
   309/399     5.88G   0.02651   0.02954         0   0.05605        63       640    0.6537      0.68    0.6102    0.2633   0.04788   0.01808         0
   310/399     5.88G   0.02627   0.02806         0   0.05434        65       640    0.9333    0.5599    0.6284    0.2813   0.04814   0.01741         0
   311/399     5.88G   0.02774   0.02821         0   0.05595        50       640    0.9374       0.6    0.6505    0.3022   0.04821   0.01723         0
   312/399     5.88G    0.0267   0.02979         0   0.05649        70       640    0.9375    0.5998    0.6257    0.3062   0.05011   0.01684         0
   313/399     5.88G   0.02796   0.03174         0    0.0597        82       640    0.7615      0.64    0.6279    0.3096   0.04814   0.01675         0
   314/399     5.88G   0.02679   0.02666         0   0.05345        49       640    0.7994      0.64    0.6491    0.2907    0.0484   0.01679         0
   315/399     5.88G   0.02451   0.02784         0   0.05234        63       640     0.739      0.68    0.6535    0.2929   0.04797   0.01691         0
   316/399     5.88G    0.0265   0.03441         0    0.0609       105       640    0.8092      0.68    0.6588    0.2965   0.04838   0.01714         0
   317/399     5.88G   0.02671     0.034         0    0.0607        89       640    0.7492       0.6    0.5758    0.2781   0.04776   0.01791         0
   318/399     5.88G    0.0256   0.02705         0   0.05265        55       640      0.75       0.6    0.5989    0.2937    0.0483   0.01794         0
   319/399     5.88G   0.02743   0.02905         0   0.05648        57       640    0.7999      0.64    0.6517    0.2897   0.04833    0.0171         0
   320/399     5.88G     0.026    0.0327         0    0.0587        84       640     0.842      0.64    0.6185     0.313    0.0482     0.017         0
   321/399     5.88G   0.02458   0.02596         0   0.05054        48       640    0.7998      0.64    0.6496    0.2893   0.04814   0.01709         0
   322/399     5.88G   0.02463   0.03015         0   0.05478        50       640    0.7614      0.64    0.6108    0.3034   0.04775   0.01698         0
   323/399     5.88G   0.02516   0.03252         0   0.05768        82       640    0.7997      0.64    0.6073    0.3201   0.04811   0.01686         0
   324/399     5.88G   0.02504   0.02976         0   0.05481        67       640    0.7618      0.64     0.629       0.3   0.04687   0.01657         0
   325/399     5.88G    0.0243   0.02907         0   0.05337        49       640     0.727      0.64    0.6275    0.3209   0.04629    0.0165         0
   326/399     5.88G   0.02346   0.03062         0   0.05407        81       640    0.7999    0.6398    0.6281     0.339   0.04555   0.01675         0
   327/399     5.88G   0.02556   0.03164         0   0.05719        55       640    0.8421    0.6398    0.6209    0.3264   0.04689   0.01755         0
   328/399     5.88G   0.02462   0.02683         0   0.05145        59       640    0.7999    0.6396    0.6314    0.3363   0.04773     0.018         0
   329/399     5.88G   0.02509   0.02624         0   0.05133        54       640    0.7616      0.64    0.6179    0.3352   0.04807   0.01796         0
   330/399     5.88G   0.02571   0.03667         0   0.06237       151       640     0.842    0.6396    0.6049    0.3293   0.04819   0.01788         0
   331/399     5.88G   0.02415   0.03218         0   0.05633       103       640       0.8      0.64    0.6011    0.3275   0.04972   0.01769         0
   332/399     5.88G   0.02358   0.02772         0    0.0513        52       640    0.7616      0.64    0.5895    0.3171   0.05086    0.0176         0
   333/399     5.88G   0.02422    0.0265         0   0.05072        55       640    0.7993      0.64    0.6021    0.3348   0.04981   0.01751         0
   334/399     5.88G    0.0246   0.03056         0   0.05516        78       640    0.7998      0.64    0.5722     0.313   0.04864   0.01776         0
   335/399     5.88G   0.02652   0.02791         0   0.05442        39       640     0.842      0.64    0.5915    0.3337   0.04757   0.01738         0
   336/399     5.88G   0.02426   0.02942         0   0.05368        82       640     0.842      0.64    0.6095    0.3284   0.04863   0.01739         0
   337/399     5.88G   0.02544    0.0335         0   0.05894       112       640    0.9371       0.6    0.6146    0.3047   0.04845   0.01728         0
   338/399     5.88G   0.02526   0.03683         0   0.06209       106       640    0.7999    0.6397    0.5944    0.2793   0.04883    0.0178         0
   339/399     5.88G   0.02701   0.02575         0   0.05276        42       640    0.7367      0.56    0.5152    0.2732   0.04983   0.01831         0
   340/399     5.88G   0.02288   0.03536         0   0.05824       112       640    0.7367      0.56    0.5066    0.2718   0.04999   0.01834         0
   341/399     5.88G   0.02519   0.02796         0   0.05315        75       640    0.8325       0.6    0.5811    0.2761   0.04918    0.0181         0
   342/399     5.88G   0.02414   0.02988         0   0.05402        91       640    0.7499       0.6     0.584    0.2828   0.05045   0.01783         0
   343/399     5.88G    0.0274   0.02769         0    0.0551        74       640    0.7359      0.56     0.539       0.3   0.05039    0.0174         0
   344/399     5.88G   0.02891   0.02931         0   0.05822        64       640    0.7777    0.5599    0.5547    0.2904   0.05223   0.01709         0
   345/399     5.88G   0.02677   0.03406         0   0.06082        77       640    0.7775      0.56    0.5435    0.2874   0.04984    0.0172         0
   346/399     5.88G   0.02679   0.02735         0   0.05413        68       640    0.6999      0.56    0.5417    0.3173   0.04885   0.01758         0
   347/399     5.88G   0.02571    0.0301         0   0.05581        75       640    0.7893    0.5993    0.6028    0.3219   0.04718   0.01808         0
   348/399     5.88G   0.02799    0.0333         0   0.06129       102       640    0.6815       0.6    0.5525    0.3058   0.04781   0.01818         0
   349/399     5.88G   0.02757   0.02947         0   0.05703        43       640    0.8333    0.5997    0.6045    0.2926   0.04772   0.01815         0
   350/399     5.88G   0.02459   0.03369         0   0.05829        78       640    0.7894    0.5999    0.6063    0.3034   0.04875   0.01814         0
   351/399     5.88G   0.02402   0.02975         0   0.05377        76       640    0.8889    0.6399    0.6519    0.3105   0.04895    0.0176         0
   352/399     5.88G   0.02502   0.02612         0   0.05114        47       640    0.8333    0.5999    0.5762    0.2971   0.05015   0.01727         0
   353/399     5.88G   0.02366   0.02713         0   0.05079        64       640    0.8331       0.6    0.5767    0.2834   0.05185   0.01726         0
   354/399     5.88G   0.02293   0.02287         0   0.04579        50       640    0.8747      0.56    0.5771    0.2838   0.05197   0.01688         0
   355/399     5.88G   0.02344   0.02938         0   0.05282        61       640    0.8748      0.56    0.5727    0.2905     0.052   0.01693         0
   356/399     5.88G   0.02509   0.03061         0   0.05569        84       640      0.75    0.5999    0.5806     0.307   0.05079   0.01694         0
   357/399     5.88G   0.02578   0.03004         0   0.05582        93       640    0.7141    0.5993    0.5682    0.3007   0.05048   0.01706         0
   358/399     5.88G   0.02484   0.02488         0   0.04972        58       640    0.7133       0.6    0.5638    0.3178   0.05055   0.01681         0
   359/399     5.88G   0.02386   0.02699         0   0.05084        63       640    0.7894       0.6    0.5587    0.3044     0.051   0.01673         0
   360/399     5.88G   0.02273   0.02744         0   0.05017        54       640    0.7893       0.6     0.551    0.3069   0.04971   0.01661         0
   361/399     5.88G   0.02379   0.03178         0   0.05557        80       640    0.8821       0.6    0.6202    0.3174   0.04898   0.01709         0
   362/399     5.88G   0.02368   0.02917         0   0.05285        63       640    0.8821       0.6    0.6116    0.3113   0.04861   0.01741         0
   363/399     5.88G   0.02247   0.02931         0   0.05178        72       640    0.8822       0.6    0.6309    0.3137   0.04941    0.0174         0
   364/399     5.88G   0.02166    0.0226         0   0.04426        44       640    0.7778    0.5599    0.4938    0.2921   0.05022   0.01704         0
   365/399     5.88G   0.02331   0.03431         0   0.05762        71       640    0.6997      0.56    0.4997    0.2952   0.05087    0.0172         0
   366/399     5.88G    0.0227   0.03123         0   0.05394        92       640     0.736      0.56    0.5102    0.2844    0.0516   0.01737         0
   367/399     5.88G   0.02314   0.02643         0   0.04957        67       640    0.6999      0.56    0.5153    0.2756   0.05222   0.01725         0
   368/399     5.88G   0.02185   0.02583         0   0.04767        67       640    0.7894       0.6    0.5747    0.2838    0.0532   0.01717         0
   369/399     5.88G   0.02448   0.02969         0   0.05417        73       640       0.7      0.56    0.5309    0.2754    0.0532    0.0172         0
   370/399     5.88G    0.0238   0.02743         0   0.05123        63       640    0.6249    0.5998    0.5394    0.2829   0.05365   0.01738         0
   371/399     5.88G   0.02483   0.02982         0   0.05465        82       640    0.7641      0.52    0.5126    0.2683   0.05284   0.01795         0
   372/399     5.88G   0.02352   0.02824         0   0.05177       120       640    0.7646      0.52       0.5    0.2696   0.05312   0.01842         0
   373/399     5.88G   0.02355   0.03123         0   0.05478        80       640    0.7646    0.5198    0.4783    0.2616    0.0525    0.0185         0
   374/399     5.88G   0.02361   0.03214         0   0.05575        47       640    0.7778      0.56    0.5478    0.2789   0.05113    0.0184         0
   375/399     5.88G   0.02221   0.03026         0   0.05247       100       640    0.7324      0.56    0.5237    0.2755    0.0503    0.0188         0
   376/399     5.88G   0.02209   0.02778         0   0.04987        45       640    0.7365      0.56    0.5448    0.2744   0.04984    0.0189         0
   377/399     5.88G   0.02195   0.02722         0   0.04918        63       640    0.8125      0.52    0.5835    0.3029   0.04943   0.01813         0
   378/399     5.88G   0.02212   0.02401         0   0.04613        43       640    0.8125    0.5198     0.547     0.317   0.04964    0.0181         0
   379/399     5.88G    0.0233    0.0256         0    0.0489        79       640    0.8122      0.52    0.5464    0.3076   0.04955   0.01792         0
   380/399     5.88G   0.02151   0.02627         0   0.04779        73       640    0.8125    0.5199    0.5458    0.2985   0.04973   0.01765         0
   381/399     5.88G   0.02238   0.02817         0   0.05055        61       640     0.875    0.5598    0.5792    0.3008   0.04921   0.01786         0
   382/399     5.88G   0.02127   0.03352         0   0.05479       106       640     0.875    0.5599    0.5916    0.3045   0.04926   0.01802         0
   383/399     5.88G    0.0262   0.02838         0   0.05458        50       640    0.7647    0.5199    0.5303     0.285   0.04889   0.01807         0
   384/399     5.88G   0.02459   0.02635         0   0.05094        56       640    0.8121      0.52    0.5296    0.2907    0.0496   0.01787         0
   385/399     5.88G   0.02412   0.02748         0   0.05159        52       640    0.8122      0.52    0.5389     0.304   0.04911   0.01779         0
   386/399     5.88G   0.02137   0.03366         0   0.05503        94       640    0.8745      0.56    0.5705    0.3002    0.0494   0.01734         0
   387/399     5.88G   0.02319   0.03009         0   0.05327        81       640    0.8122      0.52    0.5255    0.3008   0.04978   0.01725         0
   388/399     5.88G   0.02193   0.02812         0   0.05006        91       640    0.8124    0.5198    0.5277    0.2958   0.05017   0.01722         0
   389/399     5.88G   0.02156   0.02867         0   0.05023        61       640    0.6999    0.5598    0.5374    0.2976   0.04953   0.01704         0
   390/399     5.88G   0.02388   0.03223         0   0.05612        95       640    0.7646      0.52    0.5263      0.29   0.04942    0.0169         0
   391/399     5.88G   0.02092   0.02917         0   0.05009        80       640    0.7645      0.52    0.5199     0.292   0.05005   0.01667         0
   392/399     5.88G   0.02261    0.0313         0    0.0539       100       640    0.7334      0.56    0.5536     0.309   0.05044   0.01674         0
   393/399     5.88G   0.02152   0.02731         0   0.04883        76       640    0.6835      0.52    0.5423    0.2916   0.05072   0.01701         0
   394/399     5.88G   0.02362   0.02651         0   0.05014        80       640    0.8119      0.52    0.6033     0.304   0.05045   0.01699         0
   395/399     5.88G   0.02174   0.02476         0   0.04649        61       640    0.6955    0.6394    0.6099    0.2985   0.05049   0.01716         0
   396/399     5.88G     0.021   0.02726         0   0.04826        83       640    0.6666      0.64    0.5898    0.3081    0.0516   0.01736         0
   397/399     5.88G   0.02173   0.02746         0   0.04919        64       640    0.6665    0.6395     0.595    0.2873   0.05246   0.01769         0
   398/399     5.88G   0.02301   0.02705         0   0.05007        64       640    0.6659      0.56    0.5483    0.2745   0.05301   0.01802         0
   399/399     5.88G   0.02247   0.02903         0    0.0515       134       640    0.6997      0.56    0.5132    0.2745   0.05294   0.01862         0
